{
 "cells": [
  {
   "cell_type": "code",
   "execution_count": 12,
   "metadata": {},
   "outputs": [],
   "source": [
    "import pandas_datareader.data as web\n",
    "import pandas as pd\n",
    "from datetime import datetime, timedelta\n",
    "import numpy as np\n",
    "import matplotlib.pyplot as plt\n",
    "import matplotlib.dates as dates\n",
    "import scipy.optimize as optimize\n",
    "from numpy import random\n",
    "import yfinance as yfin"
   ]
  },
  {
   "cell_type": "markdown",
   "metadata": {},
   "source": [
    "# Data Acquisition\n",
    "\n",
    "For this assignment, two sets of five stocks were selected from two different sectors. \n",
    "\n",
    "Five stocks were selected from the tech sector:\n",
    "* Apple\n",
    "* Microsoft\n",
    "* Google\n",
    "* Meta\n",
    "* NVIDIA\n",
    "\n",
    "and five were selected from the consumer sector:\n",
    "* Amazon\n",
    "* Tesla\n",
    "* Home Depot\n",
    "* Toyota Motors\n",
    "* Nike"
   ]
  },
  {
   "cell_type": "code",
   "execution_count": 36,
   "metadata": {},
   "outputs": [],
   "source": [
    "startdate= datetime(year=2017,month=12,day=30)\n",
    "enddate= datetime(year=2018,month=12,day=31)\n",
    "ticks=['AAPL', 'MSFT', 'GOOGL', 'META', 'NVDA', 'AMZN', 'TSLA', 'HD', 'TM', 'NKE', '^SP500TR']\n",
    "\n",
    "data = {}\n",
    "\n",
    "# pull data for each stock\n",
    "for tick in ticks:\n",
    "    data[tick] = web.DataReader(tick,'yahoo',startdate, enddate).drop(columns=['High', 'Low', 'Open', 'Close', 'Volume'])"
   ]
  },
  {
   "cell_type": "code",
   "execution_count": null,
   "metadata": {},
   "outputs": [],
   "source": [
    "'AMZN', 'TSLA', 'HD', 'TM', 'NKE', '^SP500TR']\n",
    "\n",
    "data = {}\n",
    "\n",
    "# pull data for each stock\n",
    "for tick in ticks:\n",
    "    data[tick] = web.DataReader(tick,'yahoo',startdate, enddate).drop(columns=['High', 'Low', 'Open', 'Close', 'Volume'])"
   ]
  },
  {
   "cell_type": "code",
   "execution_count": 38,
   "metadata": {},
   "outputs": [],
   "source": [
    "# Compute daily returns\n",
    "for tick in ticks:\n",
    "    data[tick][\"returns\"] = data[tick]['Adj Close'].pct_change()"
   ]
  },
  {
   "cell_type": "code",
   "execution_count": 39,
   "metadata": {},
   "outputs": [],
   "source": [
    "# Calculate daily risk free interest rate using US 3 Month T-Bill rates\n",
    "fed_data= web.DataReader(['TB3SMFFM','FEDFUNDS'],'fred',startdate,datetime(year=2019,month=1,day=1))\n",
    "fed_data['3MO T-BILL']=fed_data['TB3SMFFM']+fed_data['FEDFUNDS']\n",
    "fed_3mo_daily= (fed_data['3MO T-BILL'].resample(rule='B').ffill().to_frame())/(100*252)"
   ]
  },
  {
   "cell_type": "code",
   "execution_count": 48,
   "metadata": {},
   "outputs": [],
   "source": [
    "# Subtract risk free interest rates to calculate the excess expected returns\n",
    "for tick in ticks:\n",
    "    data[tick][\"excess_expected_returns\"] = data[tick]['returns'].subtract(fed_3mo_daily['3MO T-BILL'].iloc[1:])\n",
    "\n",
    "# Create dataframe for expected returns\n",
    "expectedReturns = pd.DataFrame()\n",
    "for tick in ticks:\n",
    "    expectedReturns[tick] = data[tick][\"excess_expected_returns\"].dropna()"
   ]
  },
  {
   "cell_type": "markdown",
   "metadata": {},
   "source": [
    "# Data Analysis"
   ]
  },
  {
   "cell_type": "code",
   "execution_count": 62,
   "metadata": {},
   "outputs": [
    {
     "name": "stdout",
     "output_type": "stream",
     "text": [
      "(sigma, mu) = (0.01076, -0.00023)\n"
     ]
    },
    {
     "data": {
      "text/html": [
       "<div>\n",
       "<style scoped>\n",
       "    .dataframe tbody tr th:only-of-type {\n",
       "        vertical-align: middle;\n",
       "    }\n",
       "\n",
       "    .dataframe tbody tr th {\n",
       "        vertical-align: top;\n",
       "    }\n",
       "\n",
       "    .dataframe thead th {\n",
       "        text-align: right;\n",
       "    }\n",
       "</style>\n",
       "<table border=\"1\" class=\"dataframe\">\n",
       "  <thead>\n",
       "    <tr style=\"text-align: right;\">\n",
       "      <th></th>\n",
       "      <th>AAPL</th>\n",
       "      <th>MSFT</th>\n",
       "      <th>GOOGL</th>\n",
       "      <th>META</th>\n",
       "      <th>NVDA</th>\n",
       "      <th>AMZN</th>\n",
       "      <th>TSLA</th>\n",
       "      <th>HD</th>\n",
       "      <th>TM</th>\n",
       "      <th>NKE</th>\n",
       "      <th>^SP500TR</th>\n",
       "    </tr>\n",
       "  </thead>\n",
       "  <tbody>\n",
       "    <tr>\n",
       "      <th>AAPL</th>\n",
       "      <td>0.000328</td>\n",
       "      <td>0.000226</td>\n",
       "      <td>0.000215</td>\n",
       "      <td>0.000193</td>\n",
       "      <td>0.000289</td>\n",
       "      <td>0.000272</td>\n",
       "      <td>0.000213</td>\n",
       "      <td>0.000132</td>\n",
       "      <td>0.000097</td>\n",
       "      <td>0.000139</td>\n",
       "      <td>0.000145</td>\n",
       "    </tr>\n",
       "    <tr>\n",
       "      <th>MSFT</th>\n",
       "      <td>0.000226</td>\n",
       "      <td>0.000318</td>\n",
       "      <td>0.000260</td>\n",
       "      <td>0.000235</td>\n",
       "      <td>0.000348</td>\n",
       "      <td>0.000315</td>\n",
       "      <td>0.000257</td>\n",
       "      <td>0.000158</td>\n",
       "      <td>0.000112</td>\n",
       "      <td>0.000177</td>\n",
       "      <td>0.000168</td>\n",
       "    </tr>\n",
       "    <tr>\n",
       "      <th>GOOGL</th>\n",
       "      <td>0.000215</td>\n",
       "      <td>0.000260</td>\n",
       "      <td>0.000315</td>\n",
       "      <td>0.000266</td>\n",
       "      <td>0.000360</td>\n",
       "      <td>0.000299</td>\n",
       "      <td>0.000225</td>\n",
       "      <td>0.000145</td>\n",
       "      <td>0.000128</td>\n",
       "      <td>0.000153</td>\n",
       "      <td>0.000158</td>\n",
       "    </tr>\n",
       "    <tr>\n",
       "      <th>META</th>\n",
       "      <td>0.000193</td>\n",
       "      <td>0.000235</td>\n",
       "      <td>0.000266</td>\n",
       "      <td>0.000574</td>\n",
       "      <td>0.000371</td>\n",
       "      <td>0.000315</td>\n",
       "      <td>0.000245</td>\n",
       "      <td>0.000147</td>\n",
       "      <td>0.000097</td>\n",
       "      <td>0.000122</td>\n",
       "      <td>0.000147</td>\n",
       "    </tr>\n",
       "    <tr>\n",
       "      <th>NVDA</th>\n",
       "      <td>0.000289</td>\n",
       "      <td>0.000348</td>\n",
       "      <td>0.000360</td>\n",
       "      <td>0.000371</td>\n",
       "      <td>0.000960</td>\n",
       "      <td>0.000451</td>\n",
       "      <td>0.000333</td>\n",
       "      <td>0.000222</td>\n",
       "      <td>0.000169</td>\n",
       "      <td>0.000241</td>\n",
       "      <td>0.000220</td>\n",
       "    </tr>\n",
       "    <tr>\n",
       "      <th>AMZN</th>\n",
       "      <td>0.000272</td>\n",
       "      <td>0.000315</td>\n",
       "      <td>0.000299</td>\n",
       "      <td>0.000315</td>\n",
       "      <td>0.000451</td>\n",
       "      <td>0.000518</td>\n",
       "      <td>0.000300</td>\n",
       "      <td>0.000184</td>\n",
       "      <td>0.000121</td>\n",
       "      <td>0.000195</td>\n",
       "      <td>0.000188</td>\n",
       "    </tr>\n",
       "    <tr>\n",
       "      <th>TSLA</th>\n",
       "      <td>0.000213</td>\n",
       "      <td>0.000257</td>\n",
       "      <td>0.000225</td>\n",
       "      <td>0.000245</td>\n",
       "      <td>0.000333</td>\n",
       "      <td>0.000300</td>\n",
       "      <td>0.001363</td>\n",
       "      <td>0.000164</td>\n",
       "      <td>0.000102</td>\n",
       "      <td>0.000219</td>\n",
       "      <td>0.000159</td>\n",
       "    </tr>\n",
       "    <tr>\n",
       "      <th>HD</th>\n",
       "      <td>0.000132</td>\n",
       "      <td>0.000158</td>\n",
       "      <td>0.000145</td>\n",
       "      <td>0.000147</td>\n",
       "      <td>0.000222</td>\n",
       "      <td>0.000184</td>\n",
       "      <td>0.000164</td>\n",
       "      <td>0.000204</td>\n",
       "      <td>0.000082</td>\n",
       "      <td>0.000140</td>\n",
       "      <td>0.000117</td>\n",
       "    </tr>\n",
       "    <tr>\n",
       "      <th>TM</th>\n",
       "      <td>0.000097</td>\n",
       "      <td>0.000112</td>\n",
       "      <td>0.000128</td>\n",
       "      <td>0.000097</td>\n",
       "      <td>0.000169</td>\n",
       "      <td>0.000121</td>\n",
       "      <td>0.000102</td>\n",
       "      <td>0.000082</td>\n",
       "      <td>0.000147</td>\n",
       "      <td>0.000073</td>\n",
       "      <td>0.000081</td>\n",
       "    </tr>\n",
       "    <tr>\n",
       "      <th>NKE</th>\n",
       "      <td>0.000139</td>\n",
       "      <td>0.000177</td>\n",
       "      <td>0.000153</td>\n",
       "      <td>0.000122</td>\n",
       "      <td>0.000241</td>\n",
       "      <td>0.000195</td>\n",
       "      <td>0.000219</td>\n",
       "      <td>0.000140</td>\n",
       "      <td>0.000073</td>\n",
       "      <td>0.000343</td>\n",
       "      <td>0.000124</td>\n",
       "    </tr>\n",
       "    <tr>\n",
       "      <th>^SP500TR</th>\n",
       "      <td>0.000145</td>\n",
       "      <td>0.000168</td>\n",
       "      <td>0.000158</td>\n",
       "      <td>0.000147</td>\n",
       "      <td>0.000220</td>\n",
       "      <td>0.000188</td>\n",
       "      <td>0.000159</td>\n",
       "      <td>0.000117</td>\n",
       "      <td>0.000081</td>\n",
       "      <td>0.000124</td>\n",
       "      <td>0.000116</td>\n",
       "    </tr>\n",
       "  </tbody>\n",
       "</table>\n",
       "</div>"
      ],
      "text/plain": [
       "              AAPL      MSFT     GOOGL      META      NVDA      AMZN  \\\n",
       "AAPL      0.000328  0.000226  0.000215  0.000193  0.000289  0.000272   \n",
       "MSFT      0.000226  0.000318  0.000260  0.000235  0.000348  0.000315   \n",
       "GOOGL     0.000215  0.000260  0.000315  0.000266  0.000360  0.000299   \n",
       "META      0.000193  0.000235  0.000266  0.000574  0.000371  0.000315   \n",
       "NVDA      0.000289  0.000348  0.000360  0.000371  0.000960  0.000451   \n",
       "AMZN      0.000272  0.000315  0.000299  0.000315  0.000451  0.000518   \n",
       "TSLA      0.000213  0.000257  0.000225  0.000245  0.000333  0.000300   \n",
       "HD        0.000132  0.000158  0.000145  0.000147  0.000222  0.000184   \n",
       "TM        0.000097  0.000112  0.000128  0.000097  0.000169  0.000121   \n",
       "NKE       0.000139  0.000177  0.000153  0.000122  0.000241  0.000195   \n",
       "^SP500TR  0.000145  0.000168  0.000158  0.000147  0.000220  0.000188   \n",
       "\n",
       "              TSLA        HD        TM       NKE  ^SP500TR  \n",
       "AAPL      0.000213  0.000132  0.000097  0.000139  0.000145  \n",
       "MSFT      0.000257  0.000158  0.000112  0.000177  0.000168  \n",
       "GOOGL     0.000225  0.000145  0.000128  0.000153  0.000158  \n",
       "META      0.000245  0.000147  0.000097  0.000122  0.000147  \n",
       "NVDA      0.000333  0.000222  0.000169  0.000241  0.000220  \n",
       "AMZN      0.000300  0.000184  0.000121  0.000195  0.000188  \n",
       "TSLA      0.001363  0.000164  0.000102  0.000219  0.000159  \n",
       "HD        0.000164  0.000204  0.000082  0.000140  0.000117  \n",
       "TM        0.000102  0.000082  0.000147  0.000073  0.000081  \n",
       "NKE       0.000219  0.000140  0.000073  0.000343  0.000124  \n",
       "^SP500TR  0.000159  0.000117  0.000081  0.000124  0.000116  "
      ]
     },
     "metadata": {},
     "output_type": "display_data"
    },
    {
     "data": {
      "text/html": [
       "<div>\n",
       "<style scoped>\n",
       "    .dataframe tbody tr th:only-of-type {\n",
       "        vertical-align: middle;\n",
       "    }\n",
       "\n",
       "    .dataframe tbody tr th {\n",
       "        vertical-align: top;\n",
       "    }\n",
       "\n",
       "    .dataframe thead th {\n",
       "        text-align: right;\n",
       "    }\n",
       "</style>\n",
       "<table border=\"1\" class=\"dataframe\">\n",
       "  <thead>\n",
       "    <tr style=\"text-align: right;\">\n",
       "      <th></th>\n",
       "      <th>AAPL</th>\n",
       "      <th>MSFT</th>\n",
       "      <th>GOOGL</th>\n",
       "      <th>META</th>\n",
       "      <th>NVDA</th>\n",
       "    </tr>\n",
       "  </thead>\n",
       "  <tbody>\n",
       "    <tr>\n",
       "      <th>AAPL</th>\n",
       "      <td>0.000328</td>\n",
       "      <td>0.000226</td>\n",
       "      <td>0.000215</td>\n",
       "      <td>0.000193</td>\n",
       "      <td>0.000289</td>\n",
       "    </tr>\n",
       "    <tr>\n",
       "      <th>MSFT</th>\n",
       "      <td>0.000226</td>\n",
       "      <td>0.000318</td>\n",
       "      <td>0.000260</td>\n",
       "      <td>0.000235</td>\n",
       "      <td>0.000348</td>\n",
       "    </tr>\n",
       "    <tr>\n",
       "      <th>GOOGL</th>\n",
       "      <td>0.000215</td>\n",
       "      <td>0.000260</td>\n",
       "      <td>0.000315</td>\n",
       "      <td>0.000266</td>\n",
       "      <td>0.000360</td>\n",
       "    </tr>\n",
       "    <tr>\n",
       "      <th>META</th>\n",
       "      <td>0.000193</td>\n",
       "      <td>0.000235</td>\n",
       "      <td>0.000266</td>\n",
       "      <td>0.000574</td>\n",
       "      <td>0.000371</td>\n",
       "    </tr>\n",
       "    <tr>\n",
       "      <th>NVDA</th>\n",
       "      <td>0.000289</td>\n",
       "      <td>0.000348</td>\n",
       "      <td>0.000360</td>\n",
       "      <td>0.000371</td>\n",
       "      <td>0.000960</td>\n",
       "    </tr>\n",
       "  </tbody>\n",
       "</table>\n",
       "</div>"
      ],
      "text/plain": [
       "           AAPL      MSFT     GOOGL      META      NVDA\n",
       "AAPL   0.000328  0.000226  0.000215  0.000193  0.000289\n",
       "MSFT   0.000226  0.000318  0.000260  0.000235  0.000348\n",
       "GOOGL  0.000215  0.000260  0.000315  0.000266  0.000360\n",
       "META   0.000193  0.000235  0.000266  0.000574  0.000371\n",
       "NVDA   0.000289  0.000348  0.000360  0.000371  0.000960"
      ]
     },
     "metadata": {},
     "output_type": "display_data"
    },
    {
     "data": {
      "text/html": [
       "<div>\n",
       "<style scoped>\n",
       "    .dataframe tbody tr th:only-of-type {\n",
       "        vertical-align: middle;\n",
       "    }\n",
       "\n",
       "    .dataframe tbody tr th {\n",
       "        vertical-align: top;\n",
       "    }\n",
       "\n",
       "    .dataframe thead th {\n",
       "        text-align: right;\n",
       "    }\n",
       "</style>\n",
       "<table border=\"1\" class=\"dataframe\">\n",
       "  <thead>\n",
       "    <tr style=\"text-align: right;\">\n",
       "      <th></th>\n",
       "      <th>AMZN</th>\n",
       "      <th>TSLA</th>\n",
       "      <th>HD</th>\n",
       "      <th>TM</th>\n",
       "      <th>NKE</th>\n",
       "    </tr>\n",
       "  </thead>\n",
       "  <tbody>\n",
       "    <tr>\n",
       "      <th>AMZN</th>\n",
       "      <td>0.000518</td>\n",
       "      <td>0.000300</td>\n",
       "      <td>0.000184</td>\n",
       "      <td>0.000121</td>\n",
       "      <td>0.000195</td>\n",
       "    </tr>\n",
       "    <tr>\n",
       "      <th>TSLA</th>\n",
       "      <td>0.000300</td>\n",
       "      <td>0.001363</td>\n",
       "      <td>0.000164</td>\n",
       "      <td>0.000102</td>\n",
       "      <td>0.000219</td>\n",
       "    </tr>\n",
       "    <tr>\n",
       "      <th>HD</th>\n",
       "      <td>0.000184</td>\n",
       "      <td>0.000164</td>\n",
       "      <td>0.000204</td>\n",
       "      <td>0.000082</td>\n",
       "      <td>0.000140</td>\n",
       "    </tr>\n",
       "    <tr>\n",
       "      <th>TM</th>\n",
       "      <td>0.000121</td>\n",
       "      <td>0.000102</td>\n",
       "      <td>0.000082</td>\n",
       "      <td>0.000147</td>\n",
       "      <td>0.000073</td>\n",
       "    </tr>\n",
       "    <tr>\n",
       "      <th>NKE</th>\n",
       "      <td>0.000195</td>\n",
       "      <td>0.000219</td>\n",
       "      <td>0.000140</td>\n",
       "      <td>0.000073</td>\n",
       "      <td>0.000343</td>\n",
       "    </tr>\n",
       "  </tbody>\n",
       "</table>\n",
       "</div>"
      ],
      "text/plain": [
       "          AMZN      TSLA        HD        TM       NKE\n",
       "AMZN  0.000518  0.000300  0.000184  0.000121  0.000195\n",
       "TSLA  0.000300  0.001363  0.000164  0.000102  0.000219\n",
       "HD    0.000184  0.000164  0.000204  0.000082  0.000140\n",
       "TM    0.000121  0.000102  0.000082  0.000147  0.000073\n",
       "NKE   0.000195  0.000219  0.000140  0.000073  0.000343"
      ]
     },
     "metadata": {},
     "output_type": "display_data"
    }
   ],
   "source": [
    "#1A\n",
    "# Compute expected return and risk for the S&P 500\n",
    "sigma_sp500 = expectedReturns[\"^SP500TR\"].std()\n",
    "mu_sp500 = expectedReturns[\"^SP500TR\"].mean()\n",
    "print(\"(sigma, mu) = (\" + str(round(sigma_sp500, 5)) + \", \" + str(round(mu_sp500, 5)) + \")\")\n",
    "\n",
    "# Calculate and display the three covariance matrices\n",
    "covariance = expectedReturns.cov()\n",
    "covariance_tech = expectedReturns[['AAPL', 'MSFT', 'GOOGL', 'META', 'NVDA']].cov()\n",
    "covariance_consumer = expectedReturns[['AMZN', 'TSLA', 'HD', 'TM', 'NKE']].cov()\n",
    "\n",
    "display(covariance)\n",
    "display(covariance_tech)\n",
    "display(covariance_consumer)"
   ]
  },
  {
   "cell_type": "code",
   "execution_count": null,
   "metadata": {},
   "outputs": [],
   "source": [
    "#1B"
   ]
  }
 ],
 "metadata": {
  "kernelspec": {
   "display_name": "Python 3.9.13 64-bit (microsoft store)",
   "language": "python",
   "name": "python3"
  },
  "language_info": {
   "codemirror_mode": {
    "name": "ipython",
    "version": 3
   },
   "file_extension": ".py",
   "mimetype": "text/x-python",
   "name": "python",
   "nbconvert_exporter": "python",
   "pygments_lexer": "ipython3",
   "version": "3.9.13"
  },
  "orig_nbformat": 4,
  "vscode": {
   "interpreter": {
    "hash": "c41ca89259b6da98ceff8e5b19ec83068b01b09d5c956a000162044f22b0bc22"
   }
  }
 },
 "nbformat": 4,
 "nbformat_minor": 2
}
